L = 0.001;
R=2;%motor A is 1.94 ohms
kb = 0.0011937; %v/rad